           1           2  0.99524674812231928     
           2           3   1.0165438282397112     
           2           4   1.0067604183551611     
           1           5  0.98703337653527745     
           1           6  0.98630388517174095     
           1           7  0.98673144241220179     
           2           8  0.96681773747326916     
           3           9  0.96770251709403288     
           3          10  0.96617907041758910     
           4          11  0.98589418205131385     
           4          12  0.98594390180597657     
           4          13  0.98661978031596886     
