           1           2   1.0070611997446961     
           2           3   1.0079566002094458     
           2           4   1.0041286915808831     
           5           6   1.0192042587461521     
           5           7  0.99915967669811534     
           5           8   1.8484777179671565     
           1           9  0.98596705097008286     
           1          10  0.98453650071897336     
           1          11  0.98611281924448069     
           2          12  0.96316145294262245     
           3          13  0.98562639377797467     
           3          14  0.98242523598740183     
           3          15  0.98597935345633703     
           4          16  0.96633025335498535     
           4          17  0.96700968552896494     
           6          18  0.91288595230153569     
           6          19  0.97566308264527113     
           6          20  0.97947880074728366     
           7          21  0.95878052293249605     
           7          22  0.97206062375726066     
           7          23  0.98327079430497255     
